135.48
150.10
190.00
153.83
180.87
136.84
101.03
138.99
108.44
190.58
189.71
126.72
194.86
117.85
129.20
120.57
178.86
174.96
126.53
146.52
169.87
116.18
124.95
158.60
193.62
153.97
114.96
152.08
146.35
140.55
126.09
164.63
124.51
147.90
168.31
177.82
120.56
144.79
167.25
166.64
126.89
143.53
190.40
183.27
169.99
116.52
193.06
102.52
104.58
163.65
122.06
101.28
133.66
144.69
102.96
191.89
184.57
178.16
102.23
180.32
163.30
147.82
199.68
174.00
129.94
151.01
128.30
121.28
186.44
169.43
138.99
124.75
144.67
142.03
125.65
134.12
147.51
172.34
102.63
190.63
148.67
107.93
160.90
164.87
117.79
188.58
141.93
102.50
126.76
171.42
158.96
168.18
190.39
106.32
164.32
157.15
179.89
152.75
108.26
126.01
101.24
100.75
159.92
179.40
132.30
182.72
164.32
137.74
141.97
140.31
190.60
102.76
173.03
141.34
186.11
132.04
155.94
125.06
188.70
131.51
135.34
191.32
165.15
176.09
133.16
138.73
137.64
172.03
142.51
100.35
132.02
182.33
145.39
121.19
131.82
146.33
173.61
171.62
150.14
138.21
187.22
192.86
137.91
125.66
127.72
126.39
131.45
109.38
114.21
187.88
104.93
147.11
190.01
107.99
133.93
191.61
194.21
177.41
195.32
100.98
128.47
101.30
125.52
111.96
112.67
190.03
134.26
102.02
174.46
186.78
124.42
104.45
198.20
160.57
199.55
182.20
165.86
173.39
150.38
110.72
159.18
164.24
199.24
168.05
156.20
179.29
146.76
181.01
147.53
117.59
109.42
130.46
118.39
154.70
158.25
175.93
190.70
152.92
169.21
119.69
196.41
165.85
173.87
194.29
157.80
197.88
155.49
123.65
183.64
184.32
170.07
177.54
150.95
116.84
184.35
112.29
131.27
150.82
113.74
166.00
137.85
195.62
111.77
155.91
115.24
107.62
109.81
107.52
166.58
176.33
130.67
130.36
115.40
118.67
103.27
143.72
128.63
173.86
186.55
147.02
185.23
121.66
170.40
124.40
161.22
130.80
159.19
170.44
115.69
181.06
158.82
125.36
104.89
192.19
182.39
111.47
121.84
136.42
161.36
170.15
157.40
107.01
199.27
108.88
105.50
164.90
133.31
180.96
189.87
187.88
175.26
137.30
172.68
102.25
187.97
109.30
116.37
185.64
116.04
104.33
109.26
191.47
130.08
121.59
132.74
160.54
162.80
124.78
143.26
153.13
112.17
140.29
165.83
156.51
161.98
184.96
147.51
196.57
123.29
165.70
199.08
110.34
131.75
134.75
160.95
116.14
145.08
129.14
165.52
152.26
172.66
170.54
132.26
141.59
134.98
152.59
124.13
179.68
194.47
196.80
114.29
136.77
121.11
115.37
160.70
110.58
156.63
179.20
162.76
165.73
118.86
153.22
179.01
148.42
144.64
127.20
117.77
170.41
103.78
140.13
173.58
114.92
129.41
168.97
171.68
129.11
100.60
128.30
199.78
132.63
182.12
106.56
151.86
189.72
173.13
146.70
182.53
163.72
141.64
164.14
171.70
197.01
124.85
183.55
129.42
136.80
156.89
167.32
128.61
158.07
144.82
103.15
139.33
118.20
151.39
116.31
152.40
115.00
158.90
172.38
122.68
109.64
182.18
140.94
132.48
119.04
170.80
197.37
174.13
178.60
190.57
150.28
177.65
125.23
102.94
195.65
163.87
153.34
166.72
114.91
186.66
151.84
171.69
154.22
138.49
138.98
175.55
144.63
133.34
173.59
156.98
148.87
147.46
136.39
116.13
149.49
194.71
142.85
150.78
125.15
136.16
170.53
111.81
197.13
175.48
158.00
194.45
166.54
171.61
159.85
153.45
104.21
107.69
123.06
139.62
199.88
191.80
183.39
142.85
124.88
128.73
167.66
192.35
113.82
194.64
127.24
108.85
124.19
166.56
121.65
125.35
190.45
107.65
116.98
193.16
149.24
185.31
163.32
168.12
175.48
104.30
167.81
128.40
136.14
170.07
185.49
109.57
137.57
158.02
108.84
155.37
115.46
154.25
148.57
173.14
192.01
150.01
163.45
152.06
104.22
117.97
114.70
148.92
189.15
171.67
192.02
171.50
197.21
111.15
182.17
192.81
193.14
187.90
129.04
110.76
195.61
179.67
164.21
127.25
101.13
152.10
170.93
158.42
135.72
198.21
181.33
103.38
178.53
188.89
196.37
192.65
105.80
138.23
161.34
109.48
110.59
185.77
125.78
127.37
163.78
124.68
166.11
135.29
195.74
159.46
151.50
128.48
193.80
159.81
189.40
127.09
131.11
188.15
195.45
147.70
164.51
117.77
194.70
193.27
165.50
125.50
175.72
146.10
176.92
138.43
187.32
145.18
120.41
137.65
188.95
104.66
114.82
173.86
139.87
182.99
104.22
128.93
139.95
144.14
135.48
166.19
115.25
161.30
170.24
147.56
175.35
101.43
163.72
160.14
156.29
194.41
193.73
187.24
102.75
134.80
177.15
178.87
136.21
185.79
168.52
125.68
102.24
155.19
195.37
116.67
188.97
191.73
148.39
165.98
161.71
105.82
111.21
126.87
163.76
153.83
183.82
172.06
192.71
137.44
126.82
108.74
172.67
160.05
129.34
114.01
108.50
151.50
182.42
121.58
125.69
119.18
121.98
164.45
170.85
108.36
190.68
179.77
172.30
158.52
156.11
111.82
137.35
123.00
114.73
107.16
193.64
179.40
105.14
181.77
165.73
195.37
152.38
154.41
114.44
130.36
165.45
182.54
157.03
147.64
114.79
107.67
128.92
182.89
122.91
115.38
143.96
165.78
112.28
142.22
159.73
119.27
167.44
116.03
156.44
167.44
185.16
199.60
194.11
167.46
105.89
118.29
120.69
143.69
142.59
191.60
166.37
142.69
148.84
155.70
173.61
146.74
197.29
159.81
180.89
180.58
171.41
142.26
199.18
120.88
108.95
144.16
194.66
171.56
173.77
198.35
118.29
199.02
174.32
138.87
103.74
131.26
191.55
112.75
188.89
111.96
126.85
139.54
102.46
166.80
131.59
156.80
197.98
182.79
133.62
109.71
109.76
123.56
133.45
191.81
152.03
103.57
102.79
120.49
181.72
122.39
182.05
135.51
197.60
116.67
139.05
141.77
154.38
121.79
121.82
178.85
128.69
147.84
110.24
188.48
186.04
165.12
147.76
168.95
162.53
163.60
113.03
150.48
193.22
197.28
173.80
199.27
190.42
149.84
150.29
159.58
199.24
160.95
103.87
173.05
135.26
134.20
158.41
172.14
139.89
106.85
156.02
131.00
172.42
199.30
147.13
170.84
194.90
178.03
115.05
159.33
195.56
159.23
140.01
114.15
139.81
152.85
113.96
118.95
134.12
196.40
128.29
186.95
136.97
156.36
169.70
162.12
154.05
181.23
176.04
130.77
110.08
174.96
123.53
127.32
198.40
121.72
139.62
157.40
171.35
134.08
161.45
128.52
149.48
115.32
189.16
174.06
195.31
123.51
115.01
179.80
119.22
100.32
145.06
173.95
158.57
180.42
167.96
121.33
199.32
129.04
167.42
170.41
189.53
164.49
119.14
137.72
127.87
110.00
161.16
178.52
197.34
185.26
176.91
184.84
154.05
191.48
184.90
172.32
174.06
166.19
185.58
165.98
107.62
183.64
176.35
171.48
189.29
155.37
109.28
123.52
104.78
141.43
132.15
135.66
121.42
117.53
123.52
136.99
147.01
155.72
105.04
170.31
194.55
167.25
189.97
143.63
194.59
124.71
106.33
172.26
115.28
127.95
114.72
122.42
121.51
103.00
126.39
168.67
128.52
126.65
115.57
107.63
183.18
150.65
111.23
127.93
136.39
159.00
148.60
122.85
153.86
129.27
157.95
145.84
149.49
184.68
169.47
151.59
115.21
117.70
116.95
135.84
164.50
137.54
129.83
185.38
102.79
144.30
113.95
176.56
187.40
160.64
134.24
115.45
142.03
158.22
129.39
195.36
146.39
100.60
107.98
159.01
130.34
186.94
198.48
191.29
163.58
121.38
151.19
136.10
147.02
152.30
119.49
126.14
179.81
121.87
179.58
138.04
197.62
142.28
183.34
136.81
151.45
167.43
177.33
153.50
124.35
160.86
162.29
147.79
163.53
169.83
112.35
143.25
139.19
103.08
120.70
187.21
128.30
175.63
189.47
179.52
161.37
127.80
135.66
134.76
163.30
147.52
141.78
191.05
165.84
125.19
140.50
155.35
168.10
148.55
185.68
179.82
174.38
101.34
128.89
196.71
143.93
163.97
189.90
100.48
145.96
127.24
182.65
154.63
125.22
120.42
133.94
118.51
148.06
124.42
110.97
134.27
117.32
187.25
156.34
188.09
115.44
184.40
113.98
